303.888133736905
304.1590793254
304.107806998146
304.053937022396
304.090860033177
304.011849729592
304.115950996498
304.127091720421
304.051345324423
303.982564447463
303.954890143936
304.030323134146
303.953413264588
303.957205542169
304.176700190765
304.110654299893
304.060253255164
304.051909793923
303.965328143097
304.133114070673
304.004145332484
304.207078927234
304.246660974986
303.949204068729
304.133245012427
303.825307480573
303.906510472822
303.971304422128
304.04930153404
304.143944512528
303.969956013559
303.870329380249
303.858671927596
304.00847659945
303.981332382071
304.0801983589
304.055693754828
303.978404182586
303.987736108672
303.942248925811
304.0004972498
303.943702605506
304.189382688668
303.980071716852
303.851578551852
303.918051732868
304.223531329676
304.112949250645
303.963091187863
304.006687963145
304.046634830048
304.187215930773
304.191271433427
304.090445755114
304.073040326743
303.874183450268
304.024131925521
303.876036879987
303.904959238107
303.773332867189
304.040301691208
304.017014729599
303.874736200147
303.986853689374
303.922879809328
303.890829863026
304.050625962987
304.005642102885
304.066114529695
304.039490905556
303.971357929073
303.954475496968
303.918168691355
303.995620929921
303.85558365264
303.955450333652
303.967954933499
303.982098961443
304.10228214444
304.046983465738
303.984100118942
304.037446126101
304.135101401214
304.048173944529
304.100525528288
304.135917719326
303.873670304585
304.183958331111
304.045595146429
303.925154295417
304.023469442753
304.011376106846
304.080454211057
304.030550102749
304.179412263505
304.013537941113
303.941471797993
304.046126930942
303.744424650489
303.944391737833
303.940099407787
304.200504803421
303.892331411849
303.879933247229
303.966911659249
303.949434134343
303.896040896841
303.912503826343
303.880357762506
304.129355702594
303.995847020044
304.063357918646
304.020774569193
303.781878446673
304.061167923066
303.864880476899
303.813021716625
303.911742062644
303.835901113854
304.321464087823
304.104881701689
304.005080553742
304.029332011702
304.001373381927
304.025266874907
303.927132850009
303.849765231548
304.095780245848
303.788413029068
303.888160527094
303.952184686322
303.956617233128
303.947943961953
303.902729471237
304.016279101526
303.981078457689
304.050261542977
303.979769466167
303.941607439421
304.053758792477
303.781558576126
304.077306719895
303.942698194933
304.054312047726
304.127561175834
303.871447979404
304.069338123165
303.966104514522
304.072120717406
303.933796229154
304.003587123383
303.958049172399
303.878870019819
304.036134761263
303.74742902393
303.861083265583
304.04418612616
303.903967903846
303.94831763914
304.107911195035
303.918056819024
304.062666328247
304.050931424757
304.069532672384
303.933102641061
304.065125928398
303.839915744965
303.994502312998
303.96082926986
304.135666223092
304.013736822093
303.913764159405
303.989490571383
304.017081022126
304.073575682507
303.824453209738
303.984503121834
304.001371983194
304.195042022011
304.070049390817
304.008683315416
304.062757258177
303.979263899399
303.905144630027
303.992506169109
303.968064026072
304.021232215513
303.917336818528
304.132842576278
303.96497439154
303.918669882572
304.05482427386
303.984729854523
304.195313593186
304.049314175532
303.800445679323
304.089219692423
303.841997463517
304.029251354469
304.008423193856
304.099999465647
303.919234612927
304.042840029483
303.967285915735
303.976141625382
304.020326512378
303.968404866725
303.917212705372
303.87473468343
303.925142608301
304.056583168844
303.952652693861
304.107883550976
303.981579361418
304.020307099734
304.150254995605
303.85396320404
304.02197414742
303.933477870849
304.185539296002
303.81779057757
304.003652220764
304.079290258907
304.021539270057
304.144329308876
303.926393380708
303.940073460356
304.036334762269
303.931838413927
303.953594468453
303.960225207005
303.967005587944
304.143111823216
304.020599290776
304.134156073224
304.029893868502
304.326370296269
303.869287253578
304.079702113681
303.994005087549
304.115372149768
304.019491735508
304.112348932175
303.930549388002
304.058505900732
303.9809401089
304.006638207331
303.967448377408
303.959010325601
304.158332353181
304.109360502621
304.028073200421
303.796250838544
303.930587823316
304.054491596063
303.994069921103
303.782690623103
304.033709295326
303.915500901494
304.044101405745
303.998343885275
304.096413937405
304.053560188406
303.873948738113
303.870814807045
304.037489927374
303.870143205778
303.941171750151
303.845134381659
304.04894106101
303.953689452383
303.964201961296
303.952913599876
304.132324368858
304.036440983936
304.204760413845
304.028858912857
304.132186452539
303.852244569063
303.952099041825
304.016920258792
303.795524242324
304.076342360898
304.031256191086
304.00085862991
304.034813747221
304.062733820096
304.138694205684
303.960301323481
303.961215096077
304.029047905691
303.867422718235
303.853580787887
304.013275098275
304.000542517744
304.078962957622
303.958878687684
304.204805263648
303.859169514537
303.72835808288
-303.998283695963
-303.925392117037
-303.912215589345
-304.028141181954
-304.053234725863
-304.094154246604
-303.793378892652
-304.186931111704
-303.817254058672
-304.068886885591
-304.064546006489
-304.112236615187
-303.697657759082
-304.009609838968
-303.821394939193
-304.044276205285
-304.068539733228
-304.012621040472
-304.006748449097
-303.938217084155
-304.04965204789
-304.097281515206
-304.046552528873
-303.918686719149
-304.024854423824
-303.905192689134
-303.918112229737
-303.837436170198
-304.091663513014
-304.054265977619
-303.959556430629
-304.037680381923
-303.955616244616
-303.988306155994
-303.987878001968
-304.052739651442
-304.030294355181
-303.981345542002
-303.991326665812
-303.717926489982
-304.033031530655
-304.005122044593
-303.966239562726
-303.814924463777
-303.898770890018
-304.047116620526
-304.045867653527
-303.96939757409
-304.092584107175
-304.241836960589
-303.982645914743
-304.01095982279
-304.004478366895
-303.923397377646
-303.883285909056
-303.921195493098
-303.930502873385
-304.067356004904
-304.097676083982
-303.93468950277
-303.978423948663
-303.843371024484
-304.029042959313
-303.914137381454
-304.120859456123
-303.923714002773
-304.007405827989
-303.819558334085
-303.929553537698
-304.124951376788
-304.084517782679
-303.903507066529
-304.020060670657
-304.024303165791
-303.918091781439
-303.876283071427
-304.067597902624
-303.973026932805
-304.182184873504
-303.817680809768
-304.033440700348
-304.014498662674
-304.16783829483
-304.043030701262
-304.000300199183
-304.206166600562
-303.868513961042
-303.92652061055
-303.907406878895
-304.065499771469
-303.810563404446
-304.078845826994
-304.045667386508
-304.037873919726
-303.94530890783
-304.168136310795
-303.874660245642
-304.011529841736
-304.047630643272
-304.010454020605
-303.951856341485
-303.818383706738
-303.912297652835
-303.996063593045
-303.913334493979
-304.089727507874
-303.914073434528
-303.892344093302
-304.002153494545
-304.038821084903
-304.050139127845
-304.187910591759
-303.947911237141
-303.930693596101
-304.056486124957
-303.919041350692
-303.878770245801
-304.044541952417
-303.983628094768
-304.072904636161
-303.900095561823
-303.931310282317
-303.889397865065
-304.104266139299
-303.923146180583
-304.113467920669
-303.974659034953
-304.002359124844
-304.00249730302
-304.112522451325
-303.990255453092
-304.15651507941
-304.189830171796
-304.097876252885
-304.01671102186
-304.035720907022
-304.128986613245
-303.983013994417
-303.975840947282
-303.946203401093
-304.01377699342
-304.038012642294
-303.988762433412
-304.029657367274
-304.003861764294
-303.956646449754
-304.015155234409
-303.961747107201
-304.084836399462
-303.975008237403
-304.040601987564
-304.026480453578
-303.887213372247
-304.228752053746
-303.935593449614
-304.019359553592
-304.126560455177
-303.944549063002
-304.000401295904
-304.009084111643
-304.063134358285
-304.043129781642
-304.095026126143
-303.934720283885
-303.937727468997
-304.120849121844
-303.97287986024
-303.876492267419
-304.057233965645
-304.105875444166
-303.946867647143
-304.024251353291
-303.997718202792
-304.004482022034
-304.261892894804
-303.853503978747
-304.020297163467
-303.855978181124
-304.05049536118
-304.115461723524
-304.013373575858
-304.008148572786
-304.108331475735
-303.891107694064
-303.709854720403
-304.111414877281
-304.044898868583
-304.042230274912
-303.975873935423
-303.786200220583
-304.001256643933
-303.974758660551
-303.969821176709
-304.039908516362
-304.033568203459
-304.165052439828
-303.955391998896
-303.8526946858
-303.946882460759
-303.867800878856
-304.104266073617
-303.938960064204
-304.119799433022
-303.952608153669
-304.072482162318
-304.012905125324
-303.839361137173
-303.891056656517
-303.846045256394
-303.908421984337
-304.253846787442
-304.03864805781
-303.954312804483
-304.006309436963
-303.927421138388
-304.083891851953
-303.992199389226
-304.029796302712
-303.870514631157
-304.14513560828
-304.015713323117
-303.848221575938
-303.936700128461
-304.052824963927
-303.886542076942
-304.040073110567
-304.224641862566
-303.969973110179
-304.213488503428
-303.921039680967
-304.039135029228
-303.9298429406
-303.923559153171
-304.028468200393
-303.915049112382
-304.002277289403
-303.862951370761
-303.829089389948
-303.882711653481
-303.828968142329
-304.015094354886
-303.694153768136
-303.89122707838
-304.106297456156
-303.91699364886
-304.096871973969
-303.979099395528
-303.966972389771
-303.853630710021
-304.01609583167
-303.892695953404
-303.962087732374
-304.005172402711
-304.081009881271
-304.073907507509
-304.074162258803
-304.0054216866
-304.147531382988
-304.084978843298
-303.879675680568
-304.11819057429
-304.051032229085
-304.111195291859
-304.008729796306
-304.009261572156
-304.034593798889
-304.099351857468
-303.958869383574
-303.958013131764
-304.006060017407
-303.985549675963
-304.159335369618
-303.963629963518
-303.981348899712
-304.011692135454
-304.101117497745
-304.052758158113
-303.830644264463
-304.170880044947
-303.982959325152
-303.971136840731
-304.061968739824
-303.990616978243
-304.037125514355
-304.216444975773
-303.999643279856
-303.997694699503
-304.100910207297
-304.085328285532
-303.925991991712
-304.007723718017
-303.878689938438
-303.936060124558
-304.018659052758
-304.171970018438
-303.858432669659
-303.916295545009
-304.04501464305
-304.005851428868
-304.127970270533
