303.861715103769
304.158558880969
303.780321797121
304.485187529387
304.155435731209
303.584045137767
304.043935325302
303.948031326681
304.097647136949
303.864409615263
303.757612961684
303.955979615274
303.729361001233
304.50915567708
303.901124039121
303.605767820936
304.159812986537
304.249792854415
304.279078485833
304.029540542545
303.82415813341
304.151167302684
303.776624595456
304.506988478156
304.067248698839
303.832525156624
304.290158690683
304.268514133609
304.307940414182
303.855049922831
303.822091093506
304.223699200102
303.894063483008
304.585771919074
304.086187184144
303.481674919129
304.110783077752
304.147453415959
304.13920936057
303.850547692042
303.95030564858
303.969447319494
303.821639518901
304.296108627747
304.051390069573
303.857890744922
304.08063340718
304.369664391055
304.279200424255
303.990120645537
303.80917577257
304.056246072054
303.772713070859
304.427732432417
304.093957870546
303.732336598885
304.088223328702
304.22951496129
304.188283265851
303.796413116783
303.763757796897
304.021408189929
303.910554078725
304.480836526586
304.058244591454
303.839136142488
304.107660728479
304.324036351144
304.206089058617
303.949421796093
303.836344370317
304.080924649855
303.742382880595
304.361281201412
304.239581384094
303.681197083709
303.937521687359
304.41697943901
304.038948567048
303.830057473611
303.636719961476
304.085155018455
303.756461253331
304.483475091227
304.056497184357
303.706616707825
304.093674728519
304.194373223927
304.109373352762
303.920652770718
303.949179498074
304.12597781529
303.649447525112
304.441087347759
304.173852486319
303.753395099447
303.905338797359
304.299472219082
303.993746076805
303.992139710592
303.898826406295
304.123328610615
303.804584901167
304.423874727456
304.033085122601
303.62196916572
304.120454175482
304.342519410021
304.082537143771
303.827663106309
303.788561565835
304.014449934115
303.754940528023
304.400419120962
304.026960845747
303.69156140304
304.017912080942
304.251882792593
304.243511970104
304.027765299588
303.634546149963
304.056837545127
303.640587401704
304.467491404371
304.174010065796
303.644277652787
304.221955575224
304.217219207424
304.149134020775
303.799430259467
303.581808021579
303.977968039841
303.662349926137
304.526729567516
303.798944341921
303.681908369209
304.113928066242
304.157157293717
304.188858822149
303.95654008209
303.723533191484
304.122771942422
303.562814869562
304.42729477667
303.994017628959
303.716552575259
304.116027122645
304.287126587177
304.17275655769
303.80699026273
303.850878003116
303.991245807477
303.900313251845
304.502745496849
303.995237427234
303.699379291138
304.235988449114
304.264714512674
304.340689883476
303.995719656096
303.638685213765
304.108158870607
303.758786418119
304.484768032213
304.139904688262
303.768642401015
304.18606053345
304.256030920845
304.214972078006
303.928198830326
303.667085865133
304.101464663543
303.884434419037
304.610425279152
303.907015367492
303.668030954433
304.248924729925
304.111581162286
304.187201838947
303.913321164189
303.764647362018
304.066969909768
303.797038249821
304.576125718088
304.062177783012
303.727569703638
304.094435702401
304.221670401524
303.993123388951
303.797102559556
303.72063972339
304.04779639168
303.755872178512
304.319901104494
304.219282913084
303.85938785427
304.190093853125
304.126264930087
304.063655966633
304.114064166269
303.7408631692
304.136934105923
303.779460660274
304.634382788934
304.324198064056
303.842028903966
303.99185722297
304.188152369229
304.051147096093
303.922874119911
303.665127323361
303.952178603097
303.998284568949
304.520028323224
304.145775172167
303.784159504255
304.335029175876
304.281664376779
304.14457496743
304.086423183982
303.762784332825
304.002256120934
303.899616137345
304.310907110168
304.038621004349
303.70664158226
304.158618528788
304.2694189259
304.164538721955
304.034091570307
303.95561154347
303.978632951044
303.666586254817
304.475047021417
304.153032260539
303.74830983431
304.043039102537
304.22533233798
304.138071861946
303.884925543167
303.884642834088
304.124850254055
303.528908196179
304.387359753583
304.134428283405
303.826707025658
304.273658338758
304.333093658576
304.040272744697
303.768922995617
303.763364134258
304.060659906244
303.609260912204
304.526385394428
304.006584896359
303.875218974695
303.982693409401
304.296727083967
304.098460025505
303.948987669386
303.834596362292
303.985339486707
303.8708092423
304.430597692706
304.145286995148
303.84748797979
304.245813581249
304.2168012055
304.133108077581
303.906811967982
303.806066239367
303.932750714805
303.679155577572
304.553780882407
304.204747783512
303.914634222022
304.230035167164
304.301164601063
304.148979304958
303.891516208066
303.823493002606
304.038322943388
303.956617700259
304.404056342171
304.029932222507
303.823710314134
304.319148863212
304.378454274819
304.213236544077
303.784170515758
303.763946452371
304.009379947769
303.858680580238
304.515777140066
304.13099666217
303.815911567869
304.200391632859
304.280570090855
304.096017377365
304.067584754736
303.656307112561
304.158401293913
303.977135919537
304.264256012289
304.170086598328
303.544560602744
304.274261153081
304.276860988081
304.145659159908
304.007358501261
303.865951197967
304.011379955626
303.579901070526
304.473893246019
304.160911972374
303.81221185687
304.022829876286
304.158442348445
304.211311181069
303.773404324609
303.876649636694
303.864821452475
303.936597508415
304.472053284309
303.869029822655
303.75253772373
304.287682750438
304.241301196806
304.126360419203
303.928140400817
303.907267876016
304.172094011431
303.778419350789
304.463738052501
304.268259419825
303.749023972861
304.264220626273
304.218022658349
304.083508681892
303.822658905366
303.731401971064
304.091184497046
303.680042389738
304.576563408333
304.073885667433
303.680419609647
304.142070471155
304.24268522006
304.330413379652
303.820199383532
303.817637474566
304.002994867727
303.670787887388
304.627556694564
303.90806787169
303.575642162891
304.20252129074
304.329914409374
304.21034297038
303.932261936796
303.799508281912
304.187626051802
303.731135299405
304.500699386013
304.021094385422
303.824183348694
303.94114829879
304.360986593982
304.267948928891
303.803422451822
303.792109015054
304.008420674542
303.783755243159
304.495592545645
304.113625416737
303.775869370537
304.218907335263
304.208135341154
304.014428713041
303.933904187701
303.778568145346
304.175068186106
303.74768475243
304.347196695511
304.011449482566
303.781124850571
304.120541950681
304.253464344
304.127803709303
303.929607802595
303.671439809509
304.047832391915
303.723163929161
304.496193679048
304.072042182802
303.750682238499
304.060161162256
304.144902572254
304.160198491473
304.217064520322
303.930522035081
304.032861205112
303.68505960043
304.466457251251
304.121947435755
303.676068122346
304.103045218576
304.258932596543
304.014130428563
303.855171824914
303.726439011143
304.048437165405
303.655409795962
304.553020647692
304.103774446019
303.856151472252
304.249759252547
304.185502424909
304.109623077955
303.898613503295
303.80560119569
304.158792482289
303.790687840296
304.445181577959
304.393476462374
303.790252782302
304.274688734476
304.119959000176
304.261376118528
303.820470033449
303.889117268377
304.040997019572
303.689111375905
304.476427731049
304.054853852749
303.713805196985
304.065215339191
304.081914112319
303.979629563993
303.901346555585
303.769192340934
304.170689513948
303.904037348525
304.533394556953
303.990329206788
303.66178911244
304.154480891243
304.13229424846
304.084986499145
303.968983312085
303.839651856191
304.022097255996
303.778309277381
304.414959094359
304.160047656713
303.657490343239
304.073748288332
304.2130996244
304.193934862195
304.041050302582
303.92813138367
304.116581029084
303.787414875325
304.545714311459
304.105862863121
303.668169475354
303.991636008423
304.079924517486
304.26638172418
303.791641273549
303.863540119622
304.148393652852
303.745290912584
304.601914870212
304.328182577975
303.676199711926
304.314244704361
304.023901883978
304.148026756347
303.798912003563
303.867169024654
304.095630909633
303.616852459065
304.378083470211
304.140071911181
303.731053761263
304.199719490261
304.190443806863
304.174259233637
303.835296515462
303.782422032513
304.09552174695
303.855327809672
304.58134209278
304.032483107143
303.750082600465
303.92938875862
304.273940867963
304.053089769759
304.009163313054
303.703141328579
304.040902504651
303.661468224218
304.440607240625
304.133187599422
303.566894128739
304.134061470941
304.28790612193
304.227246575616
303.774847214959
303.866765725771
304.163900214794
303.816865458387
304.495374736396
304.315745642722
303.752375603608
304.302549793716
304.304093794787
304.313123847002
303.921354063243
303.991260482454
304.207557661522
303.711391466052
304.518781945066
304.314815846757
303.750203155273
304.144803452204
304.08027543096
304.12429669612
304.023680701538
303.800232671734
304.054354312848
303.604920683476
304.50351304133
304.156100849717
303.85315990138
303.97004720909
304.373253753055
304.145689682783
303.93708064975
303.686158415283
304.121993334816
303.812371038226
304.34305722591
303.876651922253
303.703938805681
304.114792425464
304.292478447871
304.063200369167
303.912564912304
303.795143192664
304.023674057295
303.932699379603
304.648572894614
304.049243084311
303.830210501785
304.1539266146
304.448427589131
304.059475878664
303.744472030843
303.832098565382
304.018076644528
303.742703502205
304.554367167823
303.94574901723
303.86779990278
304.112559897992
304.225506049865
303.998013995498
303.736827449374
303.950953890155
303.95340084545
303.638255574815
304.46714254088
303.970352796287
303.771951412872
304.065590310577
304.31848630199
304.128344404593
303.721025394074
303.752608324669
304.253737183828
303.483499886857
304.517931280304
304.088068959547
303.870432997183
304.131040246271
304.336117454247
304.373466061453
304.062939563213
303.7809534299
304.187682944599
303.729810499743
304.525519497538
304.340467276765
303.85709475606
304.171326620998
304.123186886893
304.136361171303
303.826927820645
