5.81352945626121
9.72531314846831
3.27344555306331
4.85012056512679
8.18479166774348
9.52437795903954
7.72310397776597
10.5140304447336
6.79723358475046
5.47850271961934
4.01334521620196
5.195585634674
7.48498136901819
0.806972385407099
12.3668400222895
12.4260209867188
2.74822334323035
2.48166346646015
3.18314907388441
6.21006730759648
10.1099898248153
8.64771967721296
-0.244722728346371
9.64255265792876
3.53753182962608
4.14699094896583
10.0671846613605
8.01824087987539
4.71614127865369
1.64566873150356
5.5517979427753
11.9621155884082
2.32556593047334
8.42456083268872
8.01655382402143
5.42355981953763
5.63543245337265
4.68977862719643
1.12722600900563
8.96282204259511
2.16894178643547
10.9062805589119
4.48791753462515
0.958317225485722
2.91109654426802
6.81678096428616
0.650404420291604
0.561871939402217
1.36207579337855
4.50756787557491
4.90570428968857
2.06756742158044
11.4431798929234
3.80873089732993
8.82154952681221
3.06375277038641
-0.53940767017381
7.98233212690097
4.70154363729808
3.18434171008475
5.70548263566246
7.17697903042053
6.6689209632066
5.21163779017799
3.39423467435053
8.05746757923981
11.093474318515
9.01442653923445
7.60764633410293
-0.285956812216294
9.48586230680841
4.04507309378162
4.41185599444371
8.6939673918946
9.82761290544818
9.39652361379032
9.32554581233907
8.24565816490048
0.91765484256042
4.20122725312683
5.32596739871558
5.02269682920481
4.17249023042632
3.30646396725699
3.76197775207697
-1.71587664501317
5.87174322281805
6.18531107334558
3.6325243893932
6.13748630276277
1.97977267543135
3.82121129432361
7.2791151314326
6.77334121940229
1.58398918495063
4.17294734617402
3.64962714949034
5.34614954074148
7.19719964570836
3.98868023540981
2.4853043700331
7.08799620156176
4.6627432836632
2.85730650682361
3.14310854863952
4.84722927127509
2.77265380008716
8.34819192292689
2.65311362307513
9.4540865727461
4.04041796822415
3.24369202648005
1.54808424383441
10.2953447656578
8.26116097010532
0.257298683178295
0.698194780597294
8.01623876766878
6.78703580817739
1.13814126544732
2.98387546730308
5.90219180814627
9.57575099631722
7.72066526368098
-0.785341711811262
1.26973770684501
5.35332898677776
2.86723834754676
6.81726938507559
9.0017916146838
8.13408740177308
6.47120755250014
5.60959507106151
4.97041363785853
8.11403432727631
6.39445756257944
8.35810193160717
8.81512999691958
5.24650455738011
4.00514052276711
3.58147327680198
-0.804855385258678
-0.283498794751791
1.63312848860269
8.74862112233003
9.20983722910008
3.29447934119498
4.61242335974984
7.21012322884339
3.3371326142846
5.71066090847581
6.03721297280362
10.0188817203978
1.05763631073186
11.9662648156339
5.72977705565964
4.68261713657652
7.42768726635903
9.9934090544351
5.04486033131268
4.63103817635571
10.4938258471068
5.96991512078475
0.0453736513278382
6.04608226411135
5.53875235656469
4.2247905265712
9.67247364584616
12.552528977549
7.18273041466198
8.03173685269508
-0.856948957321442
7.67534025927391
2.14375505406512
1.89271627827374
7.87464523087267
7.11577485937439
2.31306797668471
4.49126694602497
8.69497137994675
7.44269640121606
6.4551529765214
5.32432274111136
1.5522738949682
-0.34376073571652
7.85753508522256
6.52819953600194
3.69698279413882
3.93248995771082
6.17163156095882
9.47121192139734
4.58314721579708
7.82134688423515
8.89060120846983
5.7943565786622
3.93879660096913
6.77657340727009
-0.038705930617281
5.62839559436293
4.8741308256423
7.30207277396567
3.89518466127693
4.16251928382197
4.42910954155495
1.98131140244589
4.28910831035946
7.72189389528821
4.02287408105142
3.64416128255665
3.93702335206157
2.07121126061273
3.41331463723261
6.00013126342205
5.46709614512378
3.65039295445184
5.65214547615397
7.62970738586078
8.10425280960636
11.594507055372
7.38350862523303
6.38321570088467
7.66630232849589
6.91007249676644
2.52171518960654
7.68886145032307
5.65588641190571
6.56687980116058
2.35934620744337
13.8927570306614
-3.72527512837995
6.65322734576512
4.03573251753054
7.61053497581164
5.94808490654861
1.11637817651011
4.2158776233628
3.69317152470753
7.04861661972051
7.42972338225863
4.27815780804835
5.52740539791461
5.73142103152987
11.4430172797978
1.50601986243528
1.22775551530866
1.99627849973706
2.47750583754574
7.56070847936538
1.5852089318594
5.94485998652396
7.64668638803608
3.07852608106413
3.20400342888525
-0.49145566154915
3.97338861014171
5.28676981001007
1.15464015813672
6.36073897071981
2.04632085829195
7.18955728209004
4.95643098879991
9.32308425971596
5.80659795373081
6.48343000111322
7.52632673351385
6.81261853783768
2.96199787993204
5.32083957778247
7.2146356328295
5.58632551030357
4.16877401714214
11.2244353654611
12.729423168514
5.63221368603716
3.71505308708965
3.83921824236307
6.46086739432867
5.99673772649285
3.88775512242628
7.67486643995015
8.02269305329032
6.56428503532247
5.3052734577163
6.27891454663307
7.04878216327081
3.93762251837543
9.1115860736572
7.08863411548856
6.06209460684652
5.49718674255212
3.59911159096134
4.70359138626138
9.7816503070172
4.35800558493486
0.871529969810682
7.96829929615921
9.1555521580391
8.50861106901888
3.14823920370976
4.45502057398615
0.256421427536913
6.41608422099256
0.848138993746256
-3.67285659524968
2.27951173854292
5.97486022162841
0.639179205518242
0.0208090174798597
3.86577748514841
0.218371040536424
2.35429225413254
2.80415912928323
2.97554874323286
1.28496798946941
-0.0610477422310149
4.5841032737815
5.51870195012961
-1.85698815264064
-0.157631205589225
-2.5562402140139
3.48060742722032
7.03661744858943
0.25950415059301
-0.57123214272754
1.05049409794711
2.62028633897269
-0.13176607383612
-0.785576047056247
4.58061231365495
0.70990102254544
-1.18626894007856
0.970725655072529
2.44287293627638
1.74318117268478
-5.79121961423514
-3.32421016840595
0.0010785702878499
-0.75138316066163
-1.47762233306779
-3.27362381585844
3.13712927474543
5.51023682631808
1.73733141974325
-2.25291344036921
0.743371110792726
-0.727017526540923
2.1914891330366
3.59966252498516
4.90333130376687
-0.933956065752012
1.84285903783609
-1.06714770348986
6.28922537739729
-5.61511975895863
0.162403642752993
1.55566505522562
0.897858447079336
0.868773016838951
3.52111449929395
0.733881775652197
3.49266941906158
0.119024044647487
2.03219070453245
4.27393744322947
1.94128745155396
-2.16295329289095
0.517379567591346
3.23492792808075
-0.649232932535345
-2.13981994320902
4.87240176229144
5.46548037068561
-0.0792874864380742
2.46306693559705
0.952212795086375
3.59264603174105
-1.09911755123626
-2.3255693273099
1.34287460954565
4.96489694720445
-4.03987251721512
0.659774566901514
3.84650937932333
0.411797909661292
0.736005123956209
6.50915872699082
0.76252357949517
3.58970295401649
7.68542163738442
4.4906340121851
2.02657426077352
4.59355996556098
-3.06608066527416
2.68408030419251
-3.26942044411661
-4.25718891517006
1.73725492160603
2.08941964452212
3.06742483636108
2.37975171495887
3.20527992024344
1.48144377549848
0.651325787425321
-0.89247970682213
0.260194976205704
-0.643200751258414
0.538778704327304
2.02880854416868
-1.7537521687406
3.49189542860714
1.87245270285072
-2.93813167545912
1.9673318885515
2.61822666599452
-1.21108773228768
-2.38255725373833
-0.0482438584511935
1.36295748653948
3.48945301821579
0.817790869771438
-4.56180078251271
3.9534364169347
-3.39398130835721
5.12867098368769
0.45290418855601
0.667779072666845
-2.3291977671793
0.0251472309758042
-0.853847054694117
2.11863902617715
2.44031509050026
-1.52642888074256
-0.187733492845319
0.232978314268173
4.77147794497069
-0.89568177768528
0.417451048190452
2.92707670548298
1.76319475720607
3.17427884535631
3.48178399409855
4.38800449340478
2.80177513129658
0.717977814259095
-3.14423971567582
-3.33685632908075
0.610002217797042
3.10113531520601
-4.65263196361273
3.95499237499902
0.645370704308073
-2.53302177444767
1.76397933021193
1.5847460530935
0.340443045039766
0.0921488833987626
4.40222431105769
3.97343095652395
6.77000370828445
4.80825814701008
0.752962981368204
3.51640612120182
0.805975552595685
-1.18825902469945
5.46276488418702
1.44901821401924
1.19865870543445
1.37670101038461
1.24744979567639
2.91444191857101
3.80108774187622
-5.66933385967423
2.40242449246155
-1.69543661171631
1.03790767520878
0.713529457768223
2.74086749782764
-1.53026776879627
6.17171391118498
1.30111869795257
3.44263282951169
-2.49939330161436
-0.00942988432840902
-0.95175454264579
-0.954212023039671
3.84177204488287
-1.93593806026359
-2.22423724312741
3.47472576678896
-1.40878764121294
-1.64353028384385
2.6137102595801
-1.56515190618902
1.82601179283088
2.59379370249175
-6.15500542346108
-2.40722594606527
0.813239716096667
-1.88190774054825
-5.78452071202554
0.820242031909271
2.37744477747726
2.86957107551006
-2.65208253294164
-2.52168338915586
0.331213543413265
6.01668706486006
1.63761939901286
-0.125132083363849
-1.37939230088134
3.21542790544849
4.74447531390808
1.03461154890405
-2.14968937187822
2.51910510481287
1.69059452323436
1.29213288574646
1.98412455230149
2.82543240915504
-1.3138705637722
-1.81884049489121
4.36061941282004
-0.954883598643569
4.78658176505427
-2.95161691278264
3.69332325277258
3.54681490625797
-3.74700147582839
-0.0524170709007016
4.02152512613986
-1.16569734504631
-5.76342351612203
3.15366856578747
2.87310811131528
5.67531604150461
-0.690077116807598
6.14540776765787
-0.034463814305344
3.65123886623174
-1.60477480957414
3.54078448533844
3.30718875652119
-5.83743807329789
-4.07469891552171
-2.20500384257688
3.11214190089111
8.5407908679941
4.15535196664207
3.69108048659327
0.917202571342165
0.844968915810426
-4.45585294341609
-4.13160586079
-0.265267966418274
-1.33795917629862
-0.883647324207408
1.61847637582293
-0.0184345819438467
3.34473564583834
2.35886807756432
4.58089827923264
3.52029733240394
0.94554327766724
2.26071547212832
3.40582470747571
2.42280386020911
-2.3548805038158
-6.81860800036037
1.42970270953742
1.39857846062055
0.908971597993629
5.2925454706345
1.31798834851964
-0.210135420842084
3.0376763420693
-2.27943148796732
1.5436740961999
-1.3729229456191
-4.59956200417358
2.32053397309885
2.86531578682927
-2.35716329693851
-2.16480000801691
1.48720516537993
-1.52976525877839
-0.738382664045132
4.38421437201443
-1.54180507822522
7.68909335369983
2.05831596664253
2.24419636071056
-1.62195378786351
-1.02635215099809
-2.16857831294161
-1.23939075434111
1.08756714755801
-4.13696125880681
3.94409680188338
0.281242486971007
-2.92498399577388
