25.2700071732332
-1.67590309081375
4.67069031577794
10.3366830587581
18.2230238064254
-0.412751945177185
12.4664015394002
5.38086245307001
6.0837965808113
15.0055142210498
2.95167910727076
26.6645140349554
26.8153425179424
9.58244232266008
-14.0928724559943
12.1447823980322
10.7390429182825
19.9779877296958
4.46332872866717
8.25480298311898
18.8545967591874
8.38929746227991
6.45024326251444
6.63203657088418
13.8642760394915
22.9188488038402
-5.37306153786426
9.14452562903806
2.50135510758029
9.82017270286956
22.2577666475911
1.84174984062725
7.62445097745161
-9.59962457104083
7.77213275601302
8.25866839924839
18.9466931391806
3.08592636153722
10.7130566963758
5.19323141748114
1.99002110630605
14.0779766462641
4.28332542253015
9.74504291190178
13.6954881788668
-0.472659663994038
8.44996826119706
8.84624317727471
14.8649070030633
-3.08674974238856
10.8033804345192
9.67866316319972
-2.3664104861028
-0.277715224351557
-5.34574434759858
3.44417920168254
-4.17747548678275
4.44141600471444
16.8867132217977
-9.00522561286822
6.0308398684939
-9.28056479301954
0.253072703496491
22.1270247776764
12.9248455931259
-2.42586888865188
0.0649424633825175
14.5782328477172
-1.61236649448192
7.58679970482673
7.72661178809209
-9.7399892203225
9.71773247606777
-4.53242476250649
-12.6676413678321
10.7923736096265
-14.296483652768
-8.3655520613508
18.2251452489675
-3.47186584612158
0.295377333801409
-7.49681451173114
3.38499513966319
-2.24012138619492
29.40454250042
21.9903359461948
15.61029293373
-7.32221269667245
6.60839834655444
5.72853795450428
19.027556610973
4.69272174171894
-4.841598440284
-19.5176885874533
-1.56263491293462
10.2301233720792
20.0088574096983
5.45359947259521
8.51484019898009
-2.49164562163242
-2.865858167422
20.7031977792771
1.05285882130965
-6.47641083070731
9.71059663695211
0.604300432494265
17.4144903163534
-10.7642902252804
17.3102673008425
25.1325589491046
11.7849858946707
5.97751183537075
-9.72804957015144
8.53673786866875
12.8169729936372
19.6540733626226
16.4293360441402
19.7288693502379
4.77853919231813
11.9583693861349
21.1733339294437
25.9590853174113
-0.978678601199137
1.53586213717714
-1.87208741776391
-5.50526966215113
-8.56407847714226
3.55682906567828
11.478583243969
-13.4105917005771
3.66364121442726
-3.532466284634
4.83063295345238
1.14356072328266
5.97750690076806
1.5724353936609
19.723583262253
5.26420957554162
21.8591283656365
3.01563040861744
10.1722215592903
8.36153861090027
17.752361579464
-1.14441074399083
8.69817439541623
10.0488994316944
-4.63399265416954
-4.49764772642121
-7.48618662761454
31.9607433186319
9.17856625761502
13.8346332366365
11.1568255566984
-6.40824792983774
11.8416675056925
9.94255081543815
15.1245478051199
-11.6526396655196
9.9302911008482
-4.48321395498546
-12.5559408803565
13.1525587070379
24.6341393610271
3.59316360716073
-0.471603702126556
-1.09563611226327
8.52904437141562
3.51895467075803
9.42251609097576
11.0493786133228
18.0517156988109
2.18797483766967
-7.18449460104961
18.6831970182686
10.7109824578076
2.02265230150266
-0.649840120701026
-14.5476174035201
0.896329694415265
9.72246037125656
10.705907622762
-0.580079575166566
12.6272080314102
3.62828204440794
12.6840779178851
23.2011342939091
-3.2227722280518
14.6104922354047
6.44006347683615
1.5230167104824
2.14486026507407
15.3168780158193
12.7182327271508
5.50992133015932
15.3755978831492
2.72711451879564
5.90038489939148
8.61003839644134
9.49059713318071
-10.091804151341
-15.5682160224396
-1.95800595850295
-3.19958146626045
-2.50231155202048
28.0598579537802
15.5718863071476
-7.28463029371905
-15.0240217215185
-6.54556020229638
10.2010256634975
-5.4209929474104
-8.38621294001501
20.4983437617901
-4.28398887611317
21.3228747261908
18.027222620676
-3.98799552882012
11.5566440705073
9.20558031972518
7.00803599135601
1.27631181006046
-16.1331651173735
-6.2628605184277
11.8730100269621
11.7981030087466
15.7152655599137
4.73055355134149
7.31284496064682
-4.19258584170132
-11.0376478598994
7.78485258525049
11.4058697876153
10.0618360440408
-0.142483093416483
-1.53592150753318
13.2404264503384
-6.75168070205362
-3.59522054551936
6.40751136799214
-2.1546333575062
5.99012703009924
4.43128906532582
-18.2655196620375
12.110167572497
20.0049067008909
8.42117543800938
8.3903882236667
6.97882320184564
-13.1404849535578
-3.43052658793534
8.08330704746496
-10.7690529749482
8.04172080587
-5.76615607684427
12.1269495622122
-10.7628749830362
4.24087948009171
-5.0419772651255
-1.47211446535521
5.16035443348323
-16.5779025014156
8.7821040822634
13.5665047791409
13.734553600767
9.20857072822265
7.49314989538484
1.38210036253635
20.3449418155138
3.0571997464577
-8.13752397169826
-8.23423887371298
2.93815683193669
-0.643668534433735
-4.47840369919314
5.33824596289516
12.5709386720633
8.08130716964734
5.90524059292034
14.7885042496752
-1.2322478005244
8.95225932796181
12.6229132436811
1.82348765832847
-0.940003428478504
1.28951282873964
4.59674795722132
-7.97812459334934
10.01425623637
-4.06469222652715
-12.6704658939736
-0.41920311018432
-9.26323257491477
2.2926931952106
7.78966213217528
15.2601430582762
12.2036689069345
11.9316040303697
-3.58876380950185
6.21439640244639
29.8230076878777
-5.60803947496887
9.70436861004591
-5.81701584094289
5.64059934148234
13.7868377168052
5.25937811982739
0.751030866882199
9.62907945627374
-4.29377234625089
4.24358494043993
0.0789506395436581
-10.8424126407484
5.96161748429605
1.79434252985252
8.40537195442986
0.803957744615921
0.960943357544229
-10.7464873335013
10.7151714451044
6.14025149630248
11.8091360414154
13.8383057832201
-6.75258727206373
-6.63020224269136
-0.978984551610818
10.9407711897584
-16.5527320146737
-0.255513980206283
-8.07052209073894
4.2387833136439
10.3701661853286
-3.11351216279579
-0.920255034171882
-1.70390323677348
11.7659650352022
-2.83358303931485
1.11993744571684
1.29869433145539
1.18009598869608
-10.9105753824093
-8.27744698704634
15.3803261959581
-2.1818469227337
-1.01642731502272
4.80969470494936
12.5422043390829
-12.2748531649475
-14.5966957054582
2.74293104197908
10.6664342996497
-1.80090576746839
1.00216279616905
10.2914014937445
0.133028119860693
-15.1380669109768
-3.93136411588428
5.46429277374959
10.4012405404287
-6.79501748149512
12.6422943180303
8.58555544059467
6.39205649159203
-8.26285923903216
-12.3065373855115
-0.387628052042567
-5.89199189966464
-20.4235951178199
-13.4445110206057
-4.62935313312975
9.73810717284574
-14.5930952746335
0.767013866915644
-4.97234440578145
-3.65868051348615
5.24077327455677
7.90107642080853
1.89812549994996
-12.7282940588678
0.508071436395946
11.3740039407515
-11.2885436131575
-4.30662562271515
2.9575981341059
-6.98213006531308
-10.0982065480992
-2.80374423472657
14.2336265369691
1.22439934536714
5.65281466987241
19.3036975568356
11.5521131895168
-9.36819066484358
19.4726579801659
-4.20262850797902
10.2134517162964
4.66257746813126
-0.299788849389965
-0.713672838450391
3.63918893676816
-6.25950263161154
7.49545053120942
10.0412449491822
-5.65124432905412
17.0937360930608
-0.633944646907138
10.7310629900251
-0.144954225466724
-12.0440803400173
-1.64828869678765
-4.65156305281718
1.97493053864232
-8.69310433869798
5.54165941602937
-3.28667847569957
0.771304065042768
-4.3472531946632
16.3814181373254
4.62480518350521
15.6210996134681
2.65450401808242
-7.4047932704373
5.42938820564019
-18.6708671388758
-1.81217947097329
-5.72025633651278
14.9717333105941
5.87244068086305
-3.13931636372884
-3.67451311805987
17.2586291334202
21.2300044968485
-1.26718145798787
-2.13801100701851
3.61316412665036
-0.490593838936788
-9.55379106498511
8.85540634225254
3.02380703614541
5.7263296104142
-3.98744145667937
-6.28569506437192
-0.813994541897815
17.84973729758
2.42057021165719
20.2081403244045
-11.9709487519765
-4.69486409667051
-6.34931672308441
-8.83426172215152
-3.05672404375909
3.93266704682066
-2.34083429216763
3.18248504923718
-9.33921429495618
10.6111563007958
-4.52099992775581
10.1487666610865
0.324337707229792
0.684423848419204
4.79887403828424
12.586667242257
-18.654393487315
-5.77851773222715
-0.217570918147751
5.38825587233947
-0.304749082357387
9.11701323957707
3.37035914539523
6.09225517332957
6.14667790730031
-0.299240180315728
14.4115811429211
4.42343978946021
1.56554767379238
-22.9764861322179
5.86803960049402
-15.646859076767
-6.99090498225852
-10.8134470094008
15.7321312803561
-4.24656288570124
-2.56932984329443
7.0801114106089
-5.3320699816108
-1.40412375893878
-11.7436356501622
-7.32914351228406
-3.1662239599758
12.6860971460109
3.73137119054309
11.5676988639163
28.87016887588
-3.84528450981063
3.45944127533473
-11.9719104335049
3.07694522904194
-15.8359741289921
-3.50238823217464
7.14092550133063
5.20980525994205
11.6140561979482
20.8734644035761
-5.08268669138701
0.649896431805349
1.72003058534479
-5.20181726265621
-2.44399240007081
11.722701065103
1.84869978188601
-6.05745154144181
1.6474517219914
-0.891289728060683
-11.1795231999102
-12.7774501231567
-1.83913571223364
-4.54621448376721
-6.40297573429128
-12.8530255489466
17.0849897898132
-5.17524509300097
-6.27746940886461
-7.92771786645687
0.2822339094413
6.12965318272986
-0.623131803587279
8.21226152154834
0.380371082838659
1.18425170692555
7.22628854623935
13.9550751465632
-17.3891950714955
3.0326759669111
8.04502233132757
0.213888115901362
7.51237017803196
3.91873170087602
3.34418237530638
2.43962266390355
12.0876725742484
0.909006944018369
2.36570331909236
4.16757901091953
3.59975829876503
5.19613937559987
1.8867136801872
6.7519623846824
-15.1667275029017
1.04697752829293
4.89984614383965
12.0304718075068
2.39656717680956
-13.6848143129718
7.94028563280908
11.1326063880848
20.5751370272404
-7.85961482782872
6.02034357545878
0.866763080530456
-4.24240125483703
0.237165548492212
12.1272530200314
9.19885810965969
3.19149624749396
0.978248820248591
-0.486414185087504
-0.952667728617939
18.1992610260947
-12.1578268680587
-6.33679567848975
1.4466512854238
-1.0785724007546
-12.0572907161055
-6.34780345973788
-3.66153706672305
7.82351712178892
-3.32970279038919
-0.432811680250988
-12.3142431084649
2.78030253600111
7.17611616722606
-9.72841034824005
13.5545353740236
7.68786323409971
8.94845352537768
-11.7869798919441
6.30586538664995
4.84208823411532
6.55385634156409
11.90120687527
3.3995972946456
-26.2067581147503
-7.38767323022441
25.3386600302157
16.7752314119928
7.27558904631344
16.7759581964284
8.99709616683034
10.6940261303431
4.30613236777231
18.704672797222
