8.92675257360935
6.51015038970549
4.00015334989778
7.26649804622051
8.24537552983407
1.4871631886857
5.14562494026714
9.51510861096356
10.1667410501394
7.15719659514226
3.60886052066131
6.69666651230625
2.20955189723832
7.05981251401663
6.03524703438597
2.71588193288681
3.97206349071668
9.80031370974545
2.25874717020834
4.93950980432453
-1.70092589669524
5.96885334387984
4.17573939886741
11.0048736506337
6.26637188132733
5.05377772446854
6.04665838305328
5.62676308079756
-2.51590253373398
8.32722441871402
7.33166096812168
3.08350690382693
8.29689808948284
6.61676459050255
4.10087636336877
0.141260164671008
7.67435435804966
7.81706546006721
1.42507684818996
5.6989339112385
4.32023912488738
0.0354980054902754
6.85890480048476
7.17521797382361
5.5178445079461
2.45077007075517
5.72233502366719
4.49375688307696
8.98873139572583
-1.6649489281975
7.26722670486023
1.94944860921083
9.04058086061733
1.00460188710735
6.18664469873446
12.1604701831075
8.80823949828429
8.71603557822718
4.01443309654683
0.843999859290035
6.54840644344696
5.90363600803484
5.05033751472869
4.89888327420408
9.67863404060108
1.64026381534289
7.78339138453655
4.32853131912347
5.05779198888297
9.33678791345822
10.3750973416848
0.440402737548359
4.52357676853965
6.52457413338038
9.65476179375887
4.4311646201685
6.8554889858282
9.84704813412507
5.77312602480605
3.1545473098679
9.78779756394071
7.26791615139281
8.22936459035391
5.45435474517327
6.93347900363379
6.15244839843534
4.4441063171798
4.76828396611701
4.50059721123086
8.70429070038934
4.34126208299654
6.30951000951432
3.15355472360651
4.07869864945071
9.43580276838418
5.44832303841253
6.28512033207184
5.50398366757375
4.13265601785113
0.276370937241256
7.61378975221987
3.73256636549622
10.7253460413678
4.0254107564622
4.01412821919577
5.72565883962726
2.30050579292234
4.14584931216982
3.18161773235281
9.95676188444914
7.76453793137642
1.55587731384046
3.5610970800047
0.503035887784235
7.84713649560529
11.4744152282145
5.60805286731277
4.04092588269357
1.89003940426468
3.09442647916986
4.62054013815929
1.67690360473986
5.76729128715937
4.23456995009071
3.48874122369768
3.41364225229409
5.20708081565845
5.71600946613927
3.51244790572769
7.43278156244234
5.37752689359827
4.5956859856067
7.66773932337433
5.06544831097271
9.167844673832
6.44515520552967
-1.12796235803602
7.74839967996516
4.06833532870459
5.42193097444428
9.43920532810791
7.49596705691746
-0.0871967303285895
5.68091307640473
7.67071124170588
6.28698957746164
7.15467735380845
0.150594386625247
8.27015496763792
9.1323921614027
4.66066397190617
3.54040675526124
10.479860554506
5.0411637312138
0.443513064744775
8.33752794714766
2.11038611428377
7.56786950430108
3.97892525689955
4.99983920798252
-0.00787159114770186
7.41917289912159
5.0404954170254
3.58214923328399
4.76080957525533
4.59859355437539
5.31171151144076
14.4970344352976
4.56457423107458
10.1783500812645
8.30153347295037
2.17956495778203
7.24449935485538
4.53952315025773
5.75490382135942
4.95999375186137
8.81026434047462
6.58756061035804
3.29353526830154
8.48831717442194
8.87610210118931
3.8544829267341
4.18430199952106
7.10811172306375
1.965954886619
3.68659558589401
6.65458581059272
4.03520816190036
9.88519201988623
1.36837020055482
8.61024425315728
5.17083785321217
15.1068186529355
6.79862265911189
-0.300678915936855
8.10022645021455
6.00926335029479
9.02818825615223
-0.0189849485819005
8.51089140612594
3.42752781687174
5.06020500522925
0.555570311182483
6.02058506144025
5.94707882422498
5.82803001292801
9.41814973330136
4.61164855691962
6.238505540559
5.41050352479318
8.34311203655296
6.77223119120337
13.4124367408305
4.15986343006789
2.50457741856032
5.84767876835455
6.28255775515302
6.25613362128961
5.97874533278168
2.0956934391963
3.40752580880536
5.32180586598266
6.59729731458357
10.2827939364326
-0.165641232654586
7.32984349004747
7.48023100320303
6.53202100500036
3.99753802243238
7.41558358347515
5.37588272389245
3.08427719580496
5.37644057216706
1.22898277423232
4.00234410478197
6.52299300748649
5.6654438647642
5.16992762950542
3.88075286292265
2.15301083665973
5.65765603295887
8.85359720980473
6.21794871670295
13.5203204946913
4.58210404166576
7.68523273248508
5.72371815219741
9.2889552920709
4.37688388775244
9.38648364550815
8.10347493604297
3.04284991894448
7.33229808330004
6.37736905985678
5.94348259632868
5.03643907220045
2.80319848688263
1.23464734566543
4.49576748014079
6.28772946303606
5.06657771587534
2.60893566223197
8.18036043389311
5.21114790840101
2.89838651044711
4.51027940512153
5.9760294177942
12.2283092308292
9.2765960668995
8.06628093687146
8.41423494700793
9.6510206506431
6.7840447873196
0.186997294527198
12.4295136663532
7.00858940948399
3.77149739567725
1.77432587640492
8.21892615822159
4.69929392470647
0.54621195307042
3.29206681519177
10.9871693542552
9.2314682701225
8.476301116626
7.01166957417557
8.42205251717399
4.64602053002807
5.21209194934965
6.79313032763083
7.06311705575518
9.03319374972484
2.48271901474691
6.19513856731414
7.17784969112368
3.20998348047786
-0.108087253052821
8.44973381312631
8.77697494206761
6.43074344586573
0.727696158677445
6.52771010246158
3.71206964604578
-5.31528568593806
-2.27233580597141
1.39472776519039
-1.47450580014538
6.20896649810582
1.33449618631703
4.80515797811458
4.58256811298625
7.99040682451372
4.24664403208449
-0.503625319342074
3.56939138863506
3.40881619662305
2.09973807253013
3.39860241554566
1.99575201533128
6.2621017743683
1.67239131896474
1.74403748165822
-2.96821814655575
-3.33614339342739
3.89282016123913
2.17616876390592
-1.01332398326804
0.257406746447698
0.689270982820875
-0.904442695846328
-0.437665651554615
0.752398623383254
6.32613983384522
4.38503029579007
0.919808539794927
0.356893781726526
2.12176366051379
2.85597765615421
-0.167833273255437
0.0165533502146588
3.04319584043293
1.54398696058477
-2.95586822957045
-1.47714056230174
-1.71905442010993
0.833128819313943
1.83902792156386
-3.48295158186253
4.17769132606985
-0.661852713777464
5.77140848351518
3.93036272462718
3.53103252278014
1.1902430287089
1.12342425122001
6.9809700045205
3.24753922863539
0.265015898816065
5.77362235068488
-3.36271715159683
5.37091142626097
5.96833866421599
-1.18499833169434
-0.833339591421153
1.69312309744051
2.51635043754336
0.797444678020593
0.735082518998142
1.51868210865705
6.54919177980098
0.417381357188976
3.47029732824814
-1.00780111229783
1.03033403183566
2.02590548476236
-1.92284760783641
6.76641175168672
5.68047752824173
-5.48459161942336
0.649738578141454
-1.61561726580892
-5.56385388898429
6.01490113059461
-0.905122381637417
2.04177033424
1.05526122430181
9.15525781497259
0.819971575434143
0.61737295484719
-5.75515727912913
0.998031843230329
1.47685053774566
-1.67615675230373
-1.00895542271095
-4.36869952470479
1.28315119201426
-3.37900897818154
-1.11312990081073
0.598527575691022
-4.959701721425
2.44678795409822
-1.11490503629833
-3.99181927684431
-2.65863748382579
3.57435825020532
-2.59624048700288
-1.2236732322062
-2.78426999426484
-1.86308424294093
-0.441287607097756
-0.813986525482751
3.00514024728147
1.31516377942722
3.64815223595474
0.0475180263580504
3.59730621482184
4.78117798875818
-1.04097825161755
0.170093474296346
-1.43360998167559
0.559327359961034
3.2374765177882
-4.39539858927672
1.17182923609695
1.42415848024046
-0.0663033298000297
1.24199232908663
0.918023794341151
-0.00472233497881547
-0.882695076472791
-0.610954501042717
-0.297373086906166
-1.0015100304771
0.821329141596155
0.422193063865638
0.351231959928027
2.80211372277166
-5.60365645289795
0.900570994429938
-3.26442889703885
-1.10154729065919
2.76471707855538
-0.676508205100872
-4.26433968318125
-1.05677275244152
0.722454279490475
5.70264469247678
-3.6876395522972
1.51664129804537
2.24310515764598
-2.9441670798811
-0.684530599400852
5.63030360926676
-4.98550051232359
1.45774499416131
2.48465344078665
1.71818813787322
-2.87884029882124
-1.13167091821215
3.65116100181132
-5.36552990334313
2.58393393613139
2.98659334134029
-3.20816975937501
3.3599901576915
-3.83310025766149
-0.141281841911428
-1.40197374678604
6.08692845734792
-0.867487931749513
-3.84685233370525
-1.85512302759566
4.99516712285165
-1.01194880837788
-2.22433561358658
-3.60925606261305
1.18079263328173
1.09335636370496
0.684131166784408
0.4077631586723
7.81943346414016
-2.97055835860914
4.50787071432886
5.71574883726379
0.513877444829586
-5.40716796353056
0.933226004993068
1.01867482907912
-1.38557397313722
2.19004832746906
2.04950081175893
0.340474439757109
1.14044212071442
-7.64607145059806
-5.59725888176418
7.69044740903226
-1.01153653869223
-4.70167545625965
3.73179219193679
2.3642440320425
-1.41894394429368
3.26060650555688
1.2595807682445
1.3212361843703
6.74932173602007
6.74035818033564
-0.326578278601302
4.81126655263621
0.674213841866605
1.6143382676415
-1.97933715647517
-2.43033413696209
2.4965204190656
-0.0845791541668959
5.55605485278196
2.76069180849619
1.85674759995416
-1.04748729331803
-0.689953218526478
0.286653979873354
2.03872503905623
-1.45013039713614
1.04915487184473
-1.62621397704383
5.99663970450066
6.0642238214312
3.060120909764
1.51538268834218
-1.1534239254953
-4.78745628885728
2.86655772388901
-0.138468784385006
-0.865491703484693
3.76157378482749
0.431112363009202
0.213060102236886
-1.94131187034947
-1.32269084036954
1.17136001322517
-3.74671079734696
1.81829479968709
1.14075078074984
-1.74644524831871
-0.735394035935609
-2.43508181467778
-1.71422893394079
3.74032193191617
-0.0274766274809477
0.526979819324362
-5.88712711168642
3.62251523031417
5.41475738599757
3.468773856649
-3.24030806270096
6.24350435873077
-1.87217347020094
-1.1123788375049
-1.84809760192508
2.65645324671393
-0.120773936300473
1.85991680202839
-0.383397591992459
0.461826550504708
-1.14279600332836
0.970992054861902
-1.47096597483234
-1.81883338517522
0.691355258923776
0.374177002696296
-2.26086645753462
1.99277595136745
2.52499185587944
0.973476256264122
5.45817970130143
-1.45652481725208
-5.18260472243678
3.37531555263886
3.60894962659514
-6.83467024147007
-0.571348958609526
-1.53059745916162
2.71627817449795
-4.12136261709112
2.28843684576038
0.388414741932133
0.965403073024823
1.64640282122408
-1.78357781411277
0.19646905530598
-3.12102001177825
-0.801713804202917
1.98049711552889
3.10357137780881
6.4476144420598
7.62311913263731
-0.766633839103795
5.9386263984291
-3.23980565435627
-1.65323080548501
-2.56453295180395
