304.017575756072
304.161529854236
304.076836330952
304.105285744272
303.917740542258
304.016196941067
303.954159634092
304.031310316208
303.9780455107
303.9886640093
303.944965652127
304.017735308955
303.874107599982
303.930658894143
303.959280481892
304.118662697143
304.008308750616
303.992169443977
304.008310179955
304.163792071365
303.939160848718
304.064014229987
304.001590095647
303.952601596877
304.01640326113
303.881950561736
303.955195425775
303.859599282709
303.961887576871
303.787321817816
303.896642136424
303.951129923487
304.277601018773
303.877566016853
304.05736549195
304.006318075646
303.800743918237
304.066930738175
303.973234219882
304.036272706234
303.906311812209
303.988960227004
303.856887760245
303.820283173854
303.97478157154
304.213699676507
303.972325908679
304.10444278571
304.238992867574
303.947270238653
303.823798955638
303.937851506227
304.174915014763
303.978101151559
304.058307139647
304.060231538595
303.991394563118
303.747266182696
303.967880301276
304.085667803463
303.92670841043
304.05589906644
303.798226828552
303.857292700344
304.083385962695
304.15965705035
304.047044899593
303.895738092755
304.028796454668
304.062767528987
303.958155038812
303.937627687815
304.04219580415
303.944673069136
303.980403020125
304.189648440228
303.939820682968
303.936638607347
303.979545516863
304.152350013761
304.077250399891
303.942838529864
303.889652422305
304.072207779013
304.064812522873
303.911592489513
304.169769069665
304.219699064179
304.113524400857
304.026850847223
304.139042344252
303.991849696937
303.856321895092
304.006993489318
304.097292785571
303.855115729919
304.010167512696
303.920976050623
303.930385751668
303.730462396396
303.959067622017
304.021478082119
303.893871096992
303.929968316648
304.019340592326
303.957823844922
303.974768625265
303.929770415491
304.09085100741
304.10469140637
304.074302728044
303.930359236848
303.986227505431
303.873619197939
304.033436271362
304.107718313945
303.973692745874
304.189464533877
303.835320001683
303.999380371741
304.05322767152
304.127761370098
303.964955810715
304.057129793762
303.932848871696
303.923469370779
304.05862246495
304.065011742293
304.041009626326
304.083273911556
304.146286277728
304.102696057011
303.89630000902
303.924826835648
304.195780412174
303.857731867497
303.994281853171
303.956819366267
303.995816577949
304.091468466682
303.911845279371
303.901206377598
303.840450672661
303.893441893434
303.899855161492
303.859159412339
303.970531949369
304.09272242054
303.996028531608
304.090919762603
303.914076921264
303.961833148443
304.148200030121
303.988557882103
304.076817450048
303.983276217082
303.951419528305
303.851168749617
303.99071037988
304.074331409775
303.996579149721
303.997455292764
304.163695277856
304.015509783336
303.88331143577
304.099290775007
303.890279288486
303.985375036055
303.976855340703
303.994524613457
303.958084213796
303.965153367177
303.88963100996
303.892939746375
303.953459679318
304.186490552196
304.036145521124
304.027613398502
304.072108316412
303.828076650494
303.846554242578
303.965167575469
304.052767524992
304.076963013696
304.047243135319
304.187763212996
303.938672213778
303.900403345546
304.06230622667
304.063911485999
304.07011669237
303.959418518535
303.858016159432
304.056760531127
304.087211434618
303.972551553147
303.977159384927
303.917510948713
303.827855037013
304.010126963867
303.986789704046
304.06293437177
304.079726443668
303.889468750866
304.015521864196
304.041622521835
304.082747282055
303.996444092305
304.044373927193
303.891236557783
303.880976849026
303.958072494098
304.023502602985
303.923485027365
304.032480078118
304.121819260224
303.972299836327
303.96025184909
303.896611101688
303.940073282631
303.915955570007
303.939760616354
304.023413665023
304.000799537309
303.980596414177
303.995359688571
303.992716104576
304.333127219229
304.026908563636
303.966144103763
304.115978090664
304.060730814613
303.919922720088
303.935089279734
304.010789922785
304.061956149091
303.914719377222
304.059549733306
304.112494849162
303.966892805563
303.875414005915
303.921438977301
304.055380697559
304.029014256426
303.959212566707
303.973045506695
303.978152124923
303.996037711714
304.096916015272
303.94007931011
303.952808420589
303.903780735495
303.994494183934
304.109908778676
303.88411397087
304.050198070264
303.882251192003
304.182781644834
303.9343510044
303.877074899629
303.888159556579
303.98378678832
303.925991869366
304.022937737542
303.822931783173
303.93288233611
303.958087506043
303.985212478762
304.030868626667
303.885455346742
303.983407058265
304.114355783417
303.871530635119
304.012955147815
303.947592711776
304.03808464538
303.976556936807
303.943513731264
303.985405793643
303.909954183782
304.065125524852
304.189635953806
303.901859082667
304.086846191538
303.968503239318
304.06529390423
304.092705396795
303.894802394071
303.885775693343
303.918793218249
303.936543274608
303.975046302676
304.104840734155
303.901965948421
303.874602119307
304.073769740887
303.86941951242
303.979433663405
304.02806670481
304.035861289692
-303.940425505433
-304.012996621416
-303.986813280865
-303.998886359234
-303.885230953519
-304.067937247537
-303.850988358516
-304.060709832977
-303.857410696834
-303.909069788248
-303.972583643121
-303.979933860787
-304.055270234548
-303.853954366918
-304.140214282186
-304.039023579694
-304.164143021065
-304.130808057456
-304.142329899791
-304.066889651747
-303.932410801397
-303.908269615623
-304.083595276661
-303.97252727343
-303.960692160717
-303.961184905409
-303.97849989992
-304.105740752744
-304.027262336346
-304.054705893438
-304.040102912182
-303.861161079696
-304.137933175096
-303.933938623945
-303.984037142016
-304.137741171892
-303.981910214626
-304.016393516696
-304.011814168036
-304.055596559872
-303.922585967165
-303.929128463585
-303.969681827048
-304.187635717168
-304.038618164991
-304.019751917025
-304.05096116866
-303.996343198801
-303.880623771
-304.093690867023
-304.088184814644
-304.068386399593
-303.998153311728
-304.06952616459
-304.132572117128
-303.909323946661
-303.957563651418
-304.06804174435
-303.882571826949
-304.053540522266
-303.900179542253
-303.944761567201
-304.001255116772
-303.896274057073
-303.870895202432
-304.069823750749
-303.887608804832
-304.102758694999
-303.984179222559
-303.948700579818
-304.069899042377
-304.181819404121
-304.023264836846
-304.16221415885
-303.980196831576
-304.035271864084
-304.104587188545
-304.103236559496
-304.043717423791
-304.029087328213
-304.100886333711
-303.792833346827
-304.001630898562
-303.976732911336
-304.074653933849
-304.046408412049
-303.963791296064
-303.912223832194
-304.231787203688
-304.028983704583
-304.055256586199
-303.914814254912
-303.962290296594
-304.096353089524
-304.010029591354
-304.08986245318
-304.006967726691
-303.749093997359
-304.015563645435
-303.86276298209
-303.755790458244
-304.042519917622
-303.955281278792
-304.051609461224
-304.044977472861
-304.066123495912
-304.222261866386
-304.052755992446
-303.875124707322
-303.98937268853
-303.955217157091
-303.927822516639
-303.819583095513
-304.018803747908
-303.977656651448
-303.839444196956
-303.986059304132
-304.035641790042
-304.124675914532
-303.906855238183
-303.923912236581
-304.09512410767
-303.961141082925
-304.047921927027
-304.129052071166
-303.997420998664
-304.034874186245
-304.049095261231
-303.890940130988
-303.862942005426
-303.87520899024
-303.85315827332
-303.917714287621
-303.969206177017
-303.907872562041
-303.891679453267
-303.96005152609
-304.083302920125
-303.892962683031
-303.834725185143
-304.043320321184
-303.878031049317
-304.160464055703
-303.854044542302
-303.895751406255
-304.021353007308
-303.952751825863
-303.821565152388
-304.240626116391
-304.000419366748
-304.024636213215
-304.040289209174
-303.939398776289
-304.143045364649
-304.145178412963
-304.019391874229
-303.926412599342
-303.792387248481
-303.938463896194
-303.924123521717
-304.046688654724
-304.036776374774
-303.970432950737
-304.042137335735
-304.06490846871
-304.03647141121
-304.021186284369
-304.119351272874
-304.09608760854
-303.975098485848
-304.169256041418
-304.018425771117
-304.017488674305
-304.017441947271
-303.95569735876
-304.131034187981
-304.140072991357
-303.993054365622
-304.011620929586
-303.991603344384
-303.923272214877
-304.11679455028
-304.07438080404
-304.009386179239
-303.972774553396
-303.989934453325
-303.890225638137
-304.101982208273
-304.045513544392
-303.892565048533
-303.947146404131
-303.998479735816
-304.04403433171
-303.880401501816
-304.024881915809
-304.066499877911
-303.883445755866
-304.073441780495
-303.783615013861
-303.944838205465
-303.955707337814
-303.923720019322
-303.892995423086
-303.921973937609
-304.040423945122
-304.173756375851
-303.927127799739
-304.067899869487
-304.085513249901
-303.933407200437
-303.980158981785
-304.067162405186
-303.963022468401
-303.921697556205
-303.976887803728
-304.108680191535
-304.039645592348
-304.165023787223
-304.065148003997
-304.001933187917
-304.020259453432
-303.993617658438
-303.979760492118
-303.998004268678
-303.91981270568
-303.978326994401
-303.821915750598
-303.982720129958
-304.017847576441
-304.115738757265
-303.933651059585
-303.884672671019
-304.019531957429
-303.990021314962
-303.971009708621
-303.970086214597
-304.034201093565
-304.103782748715
-304.05536532945
-303.979611554204
-304.017304244227
-304.067111422534
-304.072977343384
-304.065704803763
-304.051796206053
-304.128857988678
-303.955710516077
-303.896508586149
-304.197971303903
-303.977830132058
-304.037721490576
-303.952731102306
-304.056286190725
-303.885166293611
-304.12384678591
-304.0537039158
-304.073682186799
-303.898607772593
-303.991839838894
-303.953681696676
-304.025288291854
-304.100608219923
-304.122683426727
-304.073270187322
-304.156857541163
-304.094537549881
-304.049171764389
-303.850165179201
-304.080087263547
-303.96888377007
-303.799927116801
-304.078766660956
-304.102805638547
-304.124438810664
-303.947136387535
-304.011059918296
-303.876096981985
-304.010278038424
-304.134317359359
-304.051978178231
-304.046329297617
-304.120601914419
-304.045768466406
-303.904897636614
-304.115794735036
-303.82925572573
-303.992305464971
-304.20093280054
-303.936523923415
-303.982961381884
-304.055812999897
-303.979258740353
-304.082476221043
-304.016009491087
-303.978156490674
-304.046518624701
-303.997637897607
-303.853775654248
-304.05217903607
-304.08040548037
