304.153982654517
303.355553174859
304.093121044772
304.667873280815
304.051059299821
304.394968678597
304.115214978889
303.766361508426
304.19291418233
303.55733609684
304.209563543669
303.331184909443
303.966841324023
304.694056016285
304.175857147998
304.437375098469
304.087766618153
303.715969399509
304.218491897757
303.37078515196
304.318872544628
303.102633237085
304.039548185759
304.771893652073
304.109077720844
304.33920210611
304.151838498243
303.588178655898
303.942820257734
303.497946845729
304.031965676432
303.208900644443
304.137642436102
304.58442900972
304.156195222002
304.486691075229
304.12804563374
303.768144424036
304.244089315318
303.739967297187
304.165305205011
302.999141297136
304.124014918559
304.756585719859
304.26185940747
304.424770903575
304.092253463591
303.625572970619
304.222115928569
303.318243715552
304.167197865392
302.997844438095
303.944430924518
304.773141377894
304.294179343592
304.273810389382
304.189817820302
303.779844863396
304.015829979369
303.317125606466
304.250784109576
303.203795853356
303.971588109153
304.631680072301
304.31506519664
304.541934990719
304.055529888894
303.674834506365
304.064775896787
303.302728817587
304.312965213785
303.049998937673
303.987343222771
304.560117292763
304.291400192489
304.200070047766
304.14125392996
303.583620253274
304.092683821777
303.47122616206
304.081036413554
303.352736686399
304.155524234399
304.682564361595
304.017238386133
304.469000054049
304.184662346981
303.744490948979
304.046647005523
303.524264066222
304.251468015338
303.35284512159
304.043810693871
304.844217783805
304.272477300631
304.383325124173
303.851718356424
303.724173271368
304.135109135991
303.551575124991
304.185113639313
303.270992968897
304.092807923354
304.758059547292
304.121254735063
304.278271620808
304.119305829034
303.709771724029
304.246401586959
303.412037557508
304.203053256025
303.13695960939
304.108563869628
304.536010638085
304.381467954853
304.394422861307
304.154094415524
303.522765855731
304.069120478122
303.272311482255
304.249471706892
303.156509854296
304.058497654838
304.686292992143
304.290574017713
304.31140755342
304.000356159269
303.564055523575
304.162542602383
303.501100847643
304.226751400355
303.112080799296
304.009343419401
304.715092566207
304.319581734027
304.345419705902
304.134548530864
303.673413793237
304.024354794993
303.348156056535
304.161127131227
303.143695717419
304.013354753788
304.697946425612
304.185285577698
304.19278701359
303.987817921539
303.663630527275
304.27126952451
303.410089105677
304.344834717491
303.383493521754
304.123461799069
304.678573990971
304.172940603851
304.721154761404
304.177082548925
303.561038054026
304.272679666896
303.384290136787
304.213955399434
303.014181559312
304.119890938051
304.814522694596
304.275454877232
304.301819290691
304.040797914585
303.666367695698
304.133079933427
303.440665375969
304.227354612086
303.041439203876
303.968175643735
304.811126839484
304.305156737818
304.369288261769
304.011566648244
303.714387806794
304.133066990267
303.552038107841
304.085526497856
303.232047768137
304.108307850901
304.770177956957
304.256662664023
304.36466538671
304.063364153284
303.767743186005
304.114425633748
303.495542334846
303.931840787994
303.106057695888
303.909990617137
304.682524286752
304.311594920475
304.43033027327
303.99816032698
303.749990637451
303.999136958862
303.526124315225
304.129812530829
303.249962786597
303.938272634096
304.7049798547
304.209329986377
304.393303467884
304.055767738518
303.634777900675
304.193020265065
303.327349800932
304.051818397116
303.230071936541
304.058106132458
304.729906455132
304.161330687024
304.378215411105
304.047658343611
303.681429653773
304.104084541751
303.547247194418
304.296092078628
303.262603440754
304.055113487048
304.549950044544
304.202646602099
304.308566289161
303.929241584498
303.801562455191
304.07577154907
303.418335496724
304.22207628128
303.12214017789
304.148817315405
304.647368605713
304.169634952071
304.341561595347
303.962163287808
303.765302354753
303.999024494748
303.372430537512
304.158190450942
303.239608905783
304.130798166354
304.679834267516
304.294479767675
304.411799023022
303.943101603288
303.654031367746
303.958022539025
303.482529019111
304.110592362099
303.158203120699
304.016374671131
304.640484077484
304.227787681565
304.262544823305
304.088113272862
303.561674038838
304.191350923724
303.34047587507
304.022651465174
303.285331567768
303.962973150707
304.712275310631
304.271582782631
304.29985985061
304.145039669497
303.524662778875
303.956354616697
303.746155792944
304.330175645509
302.961845001769
304.122342406596
304.45434559573
304.212055369758
304.242900002826
304.047814729574
303.688192512262
304.072708261432
303.464164288196
304.087639097553
303.140339164289
304.000731392271
304.73416540534
304.192905281846
304.338248645325
304.090063556101
303.713970935931
304.012165626637
303.468069536586
304.300713518885
303.309998996232
304.035468386911
304.649806387331
304.10677664995
304.287546512216
303.900459398535
303.581010334918
304.116779010415
303.430787310422
304.253772533667
303.074363677032
303.902444164897
304.683487073144
304.201728887048
304.380013217319
304.136551035119
303.805235969503
304.091764385517
303.515585611704
304.154650220988
303.109996818765
304.00721025615
304.455475643089
304.259684193156
304.243978759268
304.084661124006
303.642843338035
304.030969274437
303.296381628341
304.091153553362
303.115031575791
304.06829116239
304.48346223499
304.092236383841
304.397273794871
304.187377747017
303.778348685159
304.06502858217
303.493812572083
304.288192523789
303.211806689776
304.039766812874
304.707124345877
304.141362864244
304.363682440878
304.088930135705
303.562647778833
304.096176972654
303.547190583459
304.108606455883
303.250801958509
304.181239284314
304.718423234147
304.219597896176
304.415326636063
304.124108537056
303.604231773079
304.139911930101
303.41743508004
304.220848269495
303.194703948596
304.203203812788
304.834933750527
304.13475366671
304.470953725768
303.972797662311
303.674620197902
304.147391377894
303.379293689157
304.146179198688
303.180855015948
303.963856731975
304.713391010365
304.358140066173
304.281643299419
304.064169470931
303.514497473367
304.081046886102
303.442455931316
304.162912758632
303.094014797871
304.275538604193
304.669362962202
304.177816272828
304.219647801495
304.154026910629
303.640791890384
304.22311253479
303.497389849945
304.26079678067
303.075984762877
304.042191891624
304.57613953828
304.295104256737
304.305121127427
304.028538774098
303.853653096056
304.100328170534
303.49383955132
304.274773814845
303.229901013026
304.12722376999
304.632952412247
304.268778501246
304.352375507537
304.021270010897
303.640381912343
304.032795675845
303.460994475903
304.247042531522
303.205678178965
304.103312345876
304.682603227241
304.236317066641
304.384067909022
303.93858373919
303.644306850496
304.103298821145
303.407727650956
304.131964909065
303.150807163218
304.113685548791
304.64400994164
304.303314388216
304.259483865805
304.061043763058
303.68698946048
303.99821827225
303.293367711372
304.307718396204
303.227136892065
304.161424127799
304.598869544896
304.212071392812
304.502398232783
304.03437048197
303.662380984078
304.212032690964
303.295031175742
304.108556211076
303.253833891765
304.040522124127
304.581205973429
304.42729072058
304.388131159783
304.140523434783
303.775164011621
304.102645755058
303.522836522217
304.167373133393
303.341637050214
304.089761057406
304.677863521371
304.296660654849
304.281116866327
304.000371168769
303.594884022249
304.004232257017
303.530450160159
304.13061986093
303.113276601688
304.022826245692
304.731615643813
304.105108357277
304.260180023439
304.158853116748
303.588115541168
304.114226299369
303.341947317581
304.157092916526
303.286175379271
304.119991773018
304.746770653174
304.310526278825
304.430662724293
304.240830704858
303.693807266918
303.956434699588
303.403106234109
304.282006971188
303.014502793414
304.00905930078
304.725049029859
304.241601657078
304.386142032066
304.052905046487
303.640097500753
304.160325993203
303.513593519696
304.172585456178
303.217919176247
304.046472069301
304.690978402262
304.210645027805
304.303050518434
304.219517304147
303.779444499608
304.079521969015
303.490977314959
304.105165294134
303.046775396589
303.980307112111
304.772678324967
304.220173786024
304.293124107151
304.131660223651
303.645547202683
304.046066099014
303.42391847314
304.09731315801
303.425555148288
303.991680443362
304.754291038466
304.291958488276
304.348920534396
304.140377029888
303.648419958104
304.030067158722
303.41162272958
304.211883660262
303.223696175042
304.015164807167
304.727125782744
304.190185511101
304.47549735765
304.148791849809
303.647218643227
304.028765550857
303.415881114237
304.164315276731
303.121526206277
304.20828027252
304.716103090661
304.081468907516
304.297128859524
304.147037722534
303.674732721298
304.078070355533
303.543167412722
304.194561147556
303.166408778969
303.980376326398
304.79216401486
304.121695722072
304.340900766147
304.084578181792
303.689468628899
304.171052651509
303.375955897938
304.32685907224
303.147340582244
304.139714990913
304.50388736067
304.199815714082
304.272384000728
304.294474464736
303.70155446347
304.07259769694
303.434505326539
304.164556447236
303.251200774425
304.215446925108
304.762962321153
304.154874447011
304.260395056832
304.035204893443
303.47702845151
304.114708213394
303.488267715463
304.157874538617
303.215884951377
304.083127701497
304.550134519658
304.258267781558
304.337402795907
304.143794990743
303.572035216233
304.200214269925
303.514468501346
304.177180747876
303.109831673642
304.161180669347
304.518790215712
304.205490158568
304.406537994909
304.005276408592
303.68648356683
304.057898179014
303.356313826884
304.249815251319
303.170010092437
303.993765538324
304.78316429144
304.216637749059
304.416588281287
304.194868858608
303.677462637839
303.998322479446
303.576927700286
304.248447961719
303.177487082333
304.031988747109
304.453754358474
304.168897174688
304.299649827846
304.19008033661
303.736417284007
304.040568358081
303.456835670168
